010101
010102
010103
010104
010105
010106
010107
010108
010109
010110
010111
010112
010113
010114
010115
010116
010117
010118
010119
010120
010121
010122
010123
010124
010125
010126
010127
010128
010129
010130
010201
010202
010203
010204
010205
010206
010207
010208
010209
010210
010211
010212
010213
010214
010215
010216
010217
010218
010219
010220
010221
010222
010223
010224
010225
010226
010227
010228
010229
010230
010301
010302
010303
010304
010305
010306
010307
010308
010309
010310
010311
010312
010313
010314
010315
010316
010317
010318
010319
010320
010321
010322
010323
010324
010325
010326
010327
010328
010329
010330
010401
010402
010403
010404
010405
010406
010407
010408
010409
010410
010411
010412
010413
010414
010415
010416
010417
010418
010419
010420
010421
010422
010423
010424
010425
010426
010427
010428
010429
010430
010501
010502
010503
010504
010505
010506
010507
010508
010509
010510
010511
010512
010513
010514
010515
010516
010517
010518
010519
010520
010521
010522
010523
010524
010525
010526
010527
010528
010529
010530
010601
010602
010603
010604
010605
010606
010607
010608
010609
010610
010611
010612
010613
010614
010615
010616
010617
010618
010619
010620
010621
010622
010623
010624
010625
010626
010627
010628
010629
010630
010701
010702
010703
010704
010705
010706
010707
010708
010709
010710
010711
010712
010713
010714
010715
010716
010717
010718
010719
010720
010721
010722
010723
010724
010725
010726
010727
010728
010729
010730
010801
010802
010803
010804
010805
010806
010807
010808
010809
010810
010811
010812
010813
010814
010815
010816
010817
010818
010819
010820
010821
010822
010823
010824
010825
010826
010827
010828
010829
010830
010901
010902
010903
010904
010905
010906
010907
010908
010909
010910
010911
010912
010913
010914
010915
010916
010917
010918
010919
010920
010921
010922
010923
010924
010925
010926
010927
010928
010929
010930
011001
011002
011003
011004
011005
011006
011007
011008
011009
011010
011011
011012
011013
011014
011015
011016
011017
011018
011019
011020
011021
011022
011023
011024
011025
011026
011027
011028
011029
011030
011031
011101
011102
011103
011104
011105
011106
011107
011108
011109
011110
011111
011112
011113
011114
011115
011116
011117
011118
011119
011120
011121
011122
011123
011124
011125
011126
011127
011128
011129
011130
011201
011202
011203
011204
011205
011206
011207
011208
011209
011210
011211
011212
011213
011214
011215
011216
011217
011218
011219
011220
011221
011222
011223
011224
011225
011226
011227
011228
011229
011230
011231
020101
020102
020103
020104
020105
020106
020107
020108
020109
020110
020111
020112
020113
020114
020115
020116
020117
020118
020119
020120
020121
020122
020123
020124
020125
020126
020127
020128
020129
020130
020201
020202
020203
020204
020205
020206
020207
020208
020209
020210
020211
020212
020213
020214
020215
020216
020217
020218
020219
020220
020221
020222
020223
020224
020225
020226
020227
020228
020229
020230
020301
020302
020303
020304
020305
020306
020307
020308
020309
020310
020311
020312
020313
020314
020315
020316
020317
020318
020319
020320
020321
020322
020323
020324
020325
020326
020327
020328
020329
020330
020401
020402
020403
020404
020405
020406
020407
020408
020409
020410
020411
020412
020413
020414
020415
020416
020417
020418
020419
020420
020421
020422
020423
020424
020425
020426
020427
020428
020429
020430
020501
020502
020503
020504
020505
020506
020507
020508
020509
020510
020511
020512
020513
020514
020515
020516
020517
020518
020519
020520
020521
020522
020523
020524
020525
020526
020527
020528
020529
020530
020601
020602
020603
020604
020605
020606
020607
020608
020609
020610
020611
020612
020613
020614
020615
020616
020617
020618
020619
020620
020621
020622
020623
020624
020625
020626
020627
020628
020629
020630
020701
020702
020703
020704
020705
020706
020707
020708
020709
020710
020711
020712
020713
020714
020715
020716
020717
020718
020719
020720
020721
020722
020723
020724
020725
020726
020727
020728
020729
020730
020801
020802
020803
020804
020805
020806
020807
020808
020809
020810
020811
020812
020813
020814
020815
020816
020817
020818
020819
020820
020821
020822
020823
020824
020825
020826
020827
020828
020829
020830
020901
020902
020903
020904
020905
020906
020907
020908
020909
020910
020911
020912
020913
020914
020915
020916
020917
020918
020919
020920
020921
020922
020923
020924
020925
020926
020927
020928
020929
020930
021001
021002
021003
021004
021005
021006
021007
021008
021009
021010
021011
021012
021013
021014
021015
021016
021017
021018
021019
021020
021021
021022
021023
021024
021025
021026
021027
021028
021029
021030
021031
021101
021102
021103
021104
021105
021106
021107
021108
021109
021110
021111
021112
021113
021114
021115
021116
021117
021118
021119
021120
021121
021122
021123
021124
021125
021126
021127
021128
021129
021130
021201
021202
021203
021204
021205
021206
021207
021208
021209
021210
021211
021212
021213
021214
021215
021216
021217
021218
021219
021220
021221
021222
021223
021224
021225
021226
021227
021228
021229
021230
021231
